#Polyline
#Mon Feb 12 15:43:07 CET 2024
Z0=890.2698
Z1=905.94946
X0=1359.9666
Z2=923.4238
X1=1614.813
Z3=941.4944
X2=2011.1682
Z4=985.17065
X3=2330.872
Z5=1028.979
X4=2954.5583
Z6=1081.3574
X5=3503.5596
Z7=1111.9763
X6=3778.7417
Z8=1143.4968
X7=3931.6084
X8=4015.7363
numPoints=9
Y0=14375.795
Y1=14155.67
Y2=13951.924
Y3=13860.86
Y4=13848.413
Y5=13821.553
Y6=13810.471
Y7=13821.414
Y8=13819.0205
