#Polyline
#Sat Jan 27 19:55:02 CET 2024
numPoints=5
Z0=1221.5776
Y0=13986.916
Z1=1044.1367
X0=1032.6111
Y1=14172.704
Z2=898.75464
X1=1173.8257
Y2=14327.029
Z3=890.1426
X2=1370.8516
Y3=14377.222
Z4=875.38086
X3=1358.4907
Y4=14444.645
X4=1282.0775
