#Polyline
#Mon Feb 12 20:10:38 CET 2024
Z0=870.0
Z1=878.6758
X0=316.22656
Z2=889.32153
X1=351.7405
Z3=895.6804
X2=416.3621
Z4=916.7307
X3=452.45694
Z5=961.4641
X4=518.825
Z6=1013.51587
X5=598.0011
Z7=1078.3206
X6=682.9988
X7=792.44794
numPoints=8
Y0=11793.776
Y1=11662.787
Y2=11541.112
Y3=11498.613
Y4=11479.983
Y5=11469.504
Y6=11467.758
Y7=11472.997
