#Polyline
#Fri Jan 12 16:05:22 CET 2024
Z0=-788.4009
Y0=67.0293
Z1=-973.09033
X0=1034.7015
Y1=263.98633
Z2=-1062.6343
X1=1173.3138
Y2=366.53125
Z3=-1117.6489
X2=1268.4329
Y3=434.06836
Z4=-1127.2188
X3=1373.4529
Y4=483.57422
Z5=-1133.8652
X4=1327.4845
Y5=519.2871
X5=1290.7098
numPoints=6