#Polyline
#Mon Feb 12 19:25:09 CET 2024
numPoints=6
Z0=1228.5562
Y0=14028.865
Z1=1057.5818
X0=943.43335
Y1=14175.662
Z2=905.68115
X1=1141.0996
Y2=14337.574
Z3=914.4978
X2=1340.8009
Y3=14351.839
Z4=910.16284
X3=1364.7418
Y4=14377.104
Z5=874.9153
X4=1358.5198
Y5=14447.744
X5=1280.0476
